((("pow" .
   [1 0 0])
  ("50" .
   [1 0])
  ("times" .
   [1 0 0 0 0])
  ("25" .
   [2 0])
  ("probality" .
   [0 0 0 0 4 8 0 0 0])
  ("get_random" .
   [0 0 0 0 0 0 12 0 0 1])
  ("exp" .
   [6 0 0])
  ("list_back" .
   [0 0 0 0 0 5 1 5 1])
  ("m" .
   [2])
  ("malloc" .
   [1 0 0 0 1 0])
  ("max" .
   [20 0 0])
  ("pre_process" .
   [0 0 0 0 1 0 0 0 0 0 0])
  ("1000" .
   [5 0 0 0])
  ("sleep" .
   [5 0 0 0 2])
  ("unistd" .
   [3 0 0 0 0 0])
  ("201" .
   [3 0 0])
  ("FALSE" .
   [0 0 0 0 2])
  ("special" .
   [1 0 0 9 4 11 0])
  ("COUT" .
   [0 0 1 0])
  ("satisfied" .
   [0 0 0 6 3 0 0 0 0])
  ("remove" .
   [0 0 0 0 1 1])
  ("debug" .
   [2 0 0 9 3])
  ("ENDING" .
   [0 0 1 0 0 0])
  ("or" .
   [3 0])
  ("typedef" .
   [0 0 0 0 1 0 0])
  ("merge" .
   [6 0 0 0 13])
  ("merget" .
   [1 0 0 0 0 0])
  ("make" .
   [0 0 0 1])
  ("need" .
   [3 0 0 0])
  ("temp_1" .
   [2 0 0 0 0 0])
  ("key" .
   [18 0 0])
  ("rental" .
   [2 0 0 1 4 1])
  ("mark" .
   [12 0 1 22])
  ("delete_with" .
   [2 0 0 0 0 0 0 0 0 0 0])
  ("find_position" .
   [0 0 0 0 0 0 0 1 0 0 0 0 0])
  ("delete_without" .
   [0 0 0 0 0 0 0 0 0 2 0 0 1 2])
  ("print_son" .
   [0 0 0 0 0 0 1 1 1])
  ("queue" .
   [6 0 0 0 0])
  ("Queue" .
   [1 0 1 1 3])
  ("down" .
   [11 0 1 5])
  ("templat" .
   [0 0 0 0 0 0 2])
  ("typenam" .
   [0 0 0 0 0 0 1])
  ("typeid" .
   [0 0 1 1 1 0])
  ("get_position" .
   [1 0 0 0 1 5 0 0 0 0 0 0])
  ("btree" .
   [7 0 10 35 0])
  ("newer" .
   [1 0 0 2 1])
  ("insert_son" .
   [0 0 0 0 0 0 0 3 2 2])
  ("node" .
   [7 0 0 0])
  ("split" .
   [1 0 3 1 3])
  ("19" .
   [5 0])
  ("getData" .
   [0 0 0 0 0 1 0])
  ("200" .
   [3 0 0])
  ("birthre" .
   [2 0 5 11 0 0 10])
  ("rebirth" .
   [3 0 0 8 23 0 3])
  ("k" .
   [1])
  ("raise" .
   [0 0 0 1 0])
  ("insert" .
   [3 0 0 0 4 14])
  ("e" .
   [1])
  ("virtual" .
   [0 0 0 0 1 0 0])
  ("B_Tree" .
   [1 0 3 1 0 17])
  ("son" .
   [212 0 7])
  ("keyword" .
   [3 0 2 55 2 1 68])
  ("up" .
   [12 0])
  ("order" .
   [1 0 0 0 1])
  ("root" .
   [34 0 156 278])
  ("Node" .
   [61 0 0 1])
  ("templa" .
   [0 0 0 0 0 2])
  ("temp1" .
   [0 0 0 0 1])
  ("window" .
   [1 0 0 0 0 1])
  ("addWidget" .
   [0 0 0 0 0 0 1 0 0])
  ("layout" .
   [1 0 0 1 3 0])
  ("QHBoxLayout" .
   [0 0 1 1 0 0 0 0 0 0 0])
  ("setValue" .
   [0 0 0 0 1 0 0 0])
  ("SLOT" .
   [1 0 0 0])
  ("valueChanged" .
   [0 0 2 0 0 0 0 0 0 0 0 0])
  ("SIGNAL" .
   [0 0 1 0 0 0])
  ("connect" .
   [1 0 0 0 0 1 0])
  ("QObject" .
   [0 0 1 0 0 0 0])
  ("130" .
   [1 0 0])
  ("setRange" .
   [0 0 0 1 0 1 0 0])
  ("slider" .
   [1 0 0 0 1 1])
  ("slide" .
   [0 0 0 0 3])
  ("spinBox" .
   [0 0 0 0 2 2 0])
  ("QSpinBox" .
   [1 0 0 0 1 0 0 0])
  ("t" .
   [6])
  ("print_weight" .
   [0 0 0 0 0 0 0 0 7 0 0 0])
  ("usint" .
   [1 0 0 0 0])
  ("archive" .
   [0 0 0 0 1 0 0])
  ("text_oarchive" .
   [0 0 0 0 0 0 1 0 0 0 0 0 0])
  ("filename" .
   [3 0 0 1 3 4 4 1])
  ("double" .
   [32 0 9 4 44 49])
  ("lexical_cast" .
   [0 0 0 0 2 0 0 0 1 0 0 0])
  ("boost" .
   [1 0 0 0 2])
  ("rate" .
   [14 0 0 3])
  ("static" .
   [1 0 0 1 2 2])
  ("weight" .
   [0 0 1 15 5 6])
  ("output" .
   [6 0 0 5 7 2])
  ("input_data" .
   [1 0 0 0 0 0 0 0 0 0])
  ("as" .
   [1 0])
  ("calculator" .
   [0 0 0 1 1 1 0 0 0 4])
  ("argc_level" .
   [4 0 0 0 1 1 3 31 2 2])
  ("copy" .
   [1 0 0 1])
  ("sizeof" .
   [0 0 0 2 1 2])
  ("detailed" .
   [0 0 0 1 4 0 0 0])
  ("info" .
   [116 0 1 14])
  ("Ann" .
   [33 0 0])
  ("SWAP" .
   [3 0 0 0])
  ("real" .
   [1 0 0 0])
  ("index" .
   [2 0 0 0 0])
  ("with_value" .
   [0 0 0 0 0 0 0 0 1 0])
  ("count" .
   [42 0 0 0 3])
  ("with_argument" .
   [0 0 0 0 0 1 0 0 0 0 0 0 0])
  ("vecto" .
   [0 0 0 0 1])
  ("end" .
   [18 0 0])
  ("content" .
   [1 0 0 0 0 5 0])
  ("start" .
   [10 0 0 0 2])
  ("result" .
   [2 0 0 3 0 0])
  ("Resutl" .
   [1 0 0 0 0 1])
  ("scan" .
   [12 0 0 1])
  ("Macro" .
   [0 0 1 4 2])
  ("l" .
   [1])
  ("accept" .
   [2 0 0 5 0 0])
  ("length" .
   [2 0 0 22 0 0])
  ("token" .
   [3 0 0 0 2])
  ("to" .
   [2 0])
  ("strcpy" .
   [1 0 0 0 0 0])
  ("next" .
   [1 0 1 0])
  ("scanner" .
   [2 0 0 0 0 0 2])
  ("in" .
   [32 2])
  ("getline" .
   [1 0 0 0 2 2 1])
  ("String" .
   [2 0 0 0 0 1])
  ("temp" .
   [267 0 0 2])
  ("nextLine" .
   [0 0 0 0 0 1 0 4])
  ("position" .
   [6 0 19 38 31 0 0 25])
  ("new" .
   [55 0 1])
  ("protected" .
   [0 0 0 2 1 0 0 0 0])
  ("ch" .
   [33 0])
  ("txt" .
   [1 0 0])
  ("n" .
   [5])
  ("fin" .
   [25 0 0])
  ("target" .
   [8 0 1 8 4 11])
  ("fstream" .
   [0 0 0 0 1 0 0])
  ("path" .
   [11 0 0 0])
  ("Path" .
   [1 0 5 0])
  ("Scanner" .
   [2 0 8 10 3 0 4])
  ("string" .
   [57 0 0 0 2 3])
  ("cstring" .
   [2 0 0 0 0 0 0])
  ("private" .
   [0 0 0 4 0 0 0])
  ("inline" .
   [0 0 1 0 0 0])
  ("ostream" .
   [0 0 2 1 0 0 0])
  ("template" .
   [16 0 1 11 4 6 21 7])
  ("argv" .
   [17 0 0 0])
  ("argc" .
   [36 0 5 2])
  ("main" .
   [22 0 2 1])
  ("int" .
   [303 0 2])
  ("iostream" .
   [0 0 1 4 1 0 1 1])
  ("include" .
   [4 1 0 2 8 5 42])
  ("break" .
   [0 0 0 14 0])
  ("ifle" .
   [0 0 1 0])
  ("cin" .
   [14 0 0])
  ("while" .
   [3 0 0 20 6])
  ("char" .
   [38 0 0 1])
  ("return" .
   [2 0 5 45 4 46])
  ("endl" .
   [21 0 11 568])
  ("file" .
   [9 0 1 6])
  ("i" .
   [16])
  ("ios" .
   [8 0 2])
  ("ofstream" .
   [0 0 2 5 0 0 0 0])
  ("std" .
   [78 0 1])
  ("class" .
   [1 0 0 8 3])
  ("inc" .
   [5 0 2])
  ("continue" .
   [0 0 0 0 3 3 1 1])
  ("cout" .
   [38 0 8 605])
  ("const_cast" .
   [0 0 1 0 0 0 0 0 0 1])
  ("using" .
   [20 0 32 1 6])
  ("is" .
   [3 0])
  ("const" .
   [2 0 2 3 19])
  ("if" .
   [228 0])
  ("Graph" .
   [0 0 1 0 0])
  ("TEST" .
   [0 0 1 0])
  ("void" .
   [4 0 10 72])
  ("ifstream" .
   [1 0 2 4 2 1 0 1])
  ("read" .
   [4 0 3 8])
  ("str" .
   [3 0 0])
  ("100" .
   [24 0 0])
  ("get" .
   [6 0 1])
  ("close" .
   [2 0 2 4 0])
  ("Read" .
   [0 0 1 1])
  ("Write" .
   [0 0 0 1 0])
  ("try" .
   [2 0 5])
  ("1024" .
   [0 0 0 1])
  ("MXXN" .
   [0 0 1 0])
  ("MAXS" .
   [0 0 1 0])
  ("operator" .
   [2 0 0 2 0 0 0 0])
  ("NULL" .
   [89 0 0 0])
  ("len" .
   [2 0 0])
  ("mbuf" .
   [0 0 1 0])
  ("and" .
   [0 0 1])
  ("compl" .
   [0 0 0 0 1])
  ("namespace" .
   [0 0 1 0 0 0 0 0 0])
  ("float" .
   [6 0 3 51 14])
  ("infile" .
   [1 0 0 0 3 1])
  ("opent" .
   [0 0 0 0 1])
  ("open" .
   [7 0 0 1])
  ("outfile" .
   [0 0 0 0 0 1 1])
  ("income" .
   [0 0 0 0 1 3])
  ("cutoff" .
   [0 0 0 0 2 0])
  ("tax" .
   [3 0 0])
  ("rate1" .
   [1 0 1 1 2])
  ("else" .
   [52 0 3 33])
  ("ex" .
   [1 0])
  ("define" .
   [9 0 0 0 0 1])
  ("bool" .
   [5 0 35 13])
  ("isCommented" .
   [0 0 0 2 1 0 0 0 0 0 0])
  ("beef" .
   [4 0 1 8])
  ("for" .
   [201 0 35])
  ("is_comment" .
   [1 0 0 0 2 0 0 0 0 2])
  ("is_identifier" .
   [0 0 0 0 1 0 0 0 0 0 0 0 0])
  ("is_brace" .
   [0 0 0 0 1 0 0 0])
  ("false" .
   [9 0 14 33 48])
  ("is_quotation" .
   [0 0 0 0 2 1 0 0 0 0 0 3])
  ("back" .
   [7 0 2 9])
  ("true" .
   [9 0 0 66])
  ("is_commented" .
   [0 0 0 0 0 0 0 0 0 0 0 1])
  ("show" .
   [75 0 0 1])
  ("public" .
   [1 0 1 0 0 0])
  ("cpp" .
   [1 0 0])
  ("setText" .
   [0 0 0 1 1 0 0])
  ("text" .
   [2 0 0 3])
  ("this" .
   [8 0 0 16])
  ("abpt" .
   [0 0 2 0])
  ("enum" .
   [0 0 2 0])
  ("default" .
   [0 0 2 4 0 0 7])
  ("ddd" .
   [2 0 0])
  ("find_first_of" .
   [0 0 0 3 1 0 0 0 0 0 0 0 2])
  ("find" .
   [12 0 0 0])
  ("do" .
   [5 2])
  ("str1" .
   [1 0 0 0])
  ("str2" .
   [1 0 0 0])
  ("dd" .
   [12 0])
  ("test" .
   [27 0 0 8])
  ("SUB" .
   [2 0 0])
  ("import" .
   [0 0 1 1 2 0])
  ("TEMP" .
   [1 0 0 0])
  ("long" .
   [2 0 2 1])
  ("load" .
   [1 0 0 1])
  ("save" .
   [4 0 0 4])
  ("adjust_output" .
   [0 0 0 0 3 0 0 0 1 1 0 0 1])
  ("adjust_hidden" .
   [0 0 0 0 0 0 0 0 0 0 1 1 0])
  ("level" .
   [1 0 1 21 2])
  ("rand" .
   [3 0 4 8])
  ("free" .
   [3 0 0 5])
  ("array" .
   [5 0 2 17 10])
  ("delete" .
   [35 0 0 4 24 11])
  ("init_level" .
   [0 0 0 0 0 0 1 0 0 0])
  ("RAND_MAX" .
   [2 0 0 2 2 1 0 0])
  ("10" .
   [36 0])
  ("784" .
   [1 0 0])
  ("zeros" .
   [1 0 0 0 0])
  ("None" .
   [0 0 1 0])
  ("cross_entropy" .
   [0 0 0 0 0 0 0 0 1 0 0 0 0])
  ("init" .
   [2 0 0 1])
  ("sess" .
   [2 0 0 3])
  ("range" .
   [1 0 0 0 0])
  ("batch_xs" .
   [0 0 0 2 0 0 0 1])
  ("minimize" .
   [0 0 0 1 1 0 0 0])
  ("train" .
   [6 0 0 2 4])
  ("train_setp" .
   [0 0 0 0 0 0 0 1 0 0])
  ("batch_ys" .
   [1 0 0 0 0 0 0 0])
  ("argmax" .
   [1 0 0 0 0 0])
  ("reduce" .
   [0 0 0 0 0 1])
  ("correct_prediction" .
   [0 0 0 0 0 0 0 0 0 1 0 0 0 0 0 0 0 0])
  ("print" .
   [13 0 0 0 0])
  ("accuracy" .
   [1 0 0 0 1 0 0 0])
  ("feed_dict" .
   [0 0 0 0 0 0 0 1 1])
  ("minist" .
   [0 0 0 0 0 1])
  ("mnist" .
   [2 0 0 0 2])
  ("argc_input" .
   [1 0 0 0 0 0 0 9 13 1])
  ("input" .
   [5 0 0 11 14])
  ("sum" .
   [34 0 1])
  ("time" .
   [1 0 0 2])
  ("argc_output" .
   [2 0 0 0 0 0 4 20 1 2 0])
  ("ann" .
   [38 0 0])
  ("step" .
   [5 0 0 6])
  ("sigmod" .
   [0 0 0 0 3 0])
  ("05" .
   [3 0])
  ("print_level" .
   [0 0 0 0 0 0 0 1 1 0 1])
  ("print_input" .
   [0 0 0 0 0 0 2 0 1 4 4])
  ("print_output" .
   [0 0 0 0 0 0 0 1 6 5 0 0])
  ("short" .
   [0 0 1 14 2])
  ("limit" .
   [12 0 5 28 25])
  ("set" .
   [70 0 0])
  ("number" .
   [28 0 2 142 56 36])
  ("done" .
   [3 0 0 0])
  ("iomanip" .
   [0 0 0 1 0 0 0])
  ("fixed" .
   [0 0 0 5 1])
  ("setprecisiont" .
   [0 0 0 0 0 1 0 0 0 0 0 0 1])
  ("setprecision" .
   [10 0 0 0 1 1 0 0 0 0 0 2])
  ("get_argc_output" .
   [0 0 0 0 0 0 0 0 0 0 0 2 0 0 2])
  ("get_argc_input" .
   [0 0 0 0 0 0 1 0 0 0 0 0 0 0])
  ("size" .
   [30 0 0 0])
  ("round" .
   [4 0 0 1 6])
  ("flag" .
   [21 0 0 17])
  ("check" .
   [4 0 0 1 2])
  ("temp_err_train" .
   [1 0 0 0 0 1 3 2 1 0 0 0 0 7])
  ("best_err_train" .
   [2 0 3 7 1 0 2 0 0 0 0 1 2 2])
  ("set_input" .
   [0 0 0 0 0 1 0 0 0])
  ("get_result" .
   [0 0 0 0 0 0 1 0 0 1])
  ("temp_err_check" .
   [1 0 0 0 0 0 0 0 0 0 0 1 4 0])
  ("best_err_check" .
   [1 0 0 0 0 0 0 0 0 0 0 0 3 0])
  ("1" .
   [12])
  ("write_file" .
   [0 0 0 4 0 0 0 0 0 0])
  ("best_weight" .
   [0 0 0 0 0 1 2 3 4 0 2])
  ("out" .
   [12 0 0])
  ("is_open" .
   [0 0 0 3 2 3 0])
  ("throw" .
   [0 0 0 0 1])
  ("c_str" .
   [0 0 2 1 1])
  ("var" .
   [33 0 0])
  ("read_file" .
   [0 0 0 0 1 0 0 0 0])
  ("catch" .
   [0 0 0 1 1])
  ("THRESHOLD" .
   [0 0 0 1 6 0 0 0 0])
  ("fahr" .
   [1 0 3 1])
  ("upper" .
   [0 0 1 0 0])
  ("celsius" .
   [0 0 0 0 1 1 0])
  ("printf" .
   [2 0 0 0 0 0])
  ("QApplication" .
   [0 0 0 1 0 0 0 0 0 0 0 0])
  ("app" .
   [2 0 0])
  ("QLabel" .
   [0 0 0 1 1 0])
  ("label" .
   [0 0 0 1 0])
  ("a" .
   [4])
  ("embed" .
   [1 0 4 16 10])
  ("point" .
   [7 0 0 8 34])
  ("father" .
   [0 0 6 60 6 9])
  ("adjust" .
   [1 0 1 2 0 9])
  ("FOUND" .
   [0 0 0 1 0])
  ("complete_with_children" .
   [0 0 0 0 0 0 0 0 0 0 0 0 0 0 0 0 0 0 0 0 0 2])
  ("right" .
   [0 0 4 2 0])
  ("left" .
   [0 0 5 1])
  ("deal" .
   [28 0 0 8])
  ("POSITION" .
   [0 0 0 1 0 0 0 0])
  ("backup" .
   [4 0 0 1 1 2])
  ("rental_from_brother" .
   [0 0 0 0 0 0 0 0 0 0 0 0 0 0 0 1 0 0 0])
  ("search" .
   [0 0 1 0 0 0])
  ("form" .
   [0 0 0 1])
  ("ATTe" .
   [1 0 0 1])
  ("attention" .
   [0 0 0 0 0 1 0 0 1])
  ("exception" .
   [1 0 0 0 0 0 0 0 0])
  ("s" .
   [4])
  ("stdlib" .
   [1 0 0 0 0 0])
  ("202" .
   [1 0 0])
  ("10000" .
   [4 0 0 0 0])
  ("record" .
   [1 0 0 4 11 1])
  ("list" .
   [23 0 0 17])
  ("doit" .
   [4 0 0 0])
  ("2345" .
   [2 0 0 0])
  ("func1" .
   [1 0 0 0 0])
  ("aaa" .
   [2 0 0])
  ("arrayList" .
   [0 0 0 0 0 0 2 0 0])
  ("2" .
   [4])
  ("234" .
   [1 0 0])
  ("324" .
   [1 0 0])
  ("replace" .
   [1 0 0 3 6 7 0])
  ("lambda" .
   [0 0 0 2 2 3])
  ("30" .
   [9 0])
  ("medium" .
   [0 0 0 0 2 0])
  ("Experiment" .
   [1 0 0 10 2 0 0 0 0 0])
  ("dot" .
   [5 0 0])
  ("b" .
   [2])
  ("doubl" .
   [1 0 0 0 0])
  ("exit" .
   [3 0 0 0])
  ("/dev/" .
   [0 0 0 1 0])
  ("/dev/sda1" .
   [1 0 0 0 0 0 0 0 0])
  ("copy_list" .
   [0 0 0 0 0 0 0 0 2])
  ("origin" .
   [1 0 0 1 2 0])
  ("log" .
   [3 0 0])
  ("getchar" .
   [3 0 0 0 13 4 5])
  ("loss" .
   [11 0 0 9])
  ("value" .
   [3 0 1 13 2])
  ("regular" .
   [0 0 0 2 0 0 2])
  ("1e" .
   [9 0])
  ("gaussrand" .
   [0 0 4 1 0 0 0 0 0])
  ("offset" .
   [0 0 0 1 0 6])
  ("err_train" .
   [1 0 0 0 0 0 1 1 1])
  ("err_confirm" .
   [1 0 0 0 0 1 0 0 1 0 0])
  ("best_train" .
   [0 0 0 0 0 0 0 2 1 1])
  ("best_confirm" .
   [0 0 0 0 0 0 0 0 1 2 0 0])
  ("err" .
   [1 0 0])
  ("01" .
   [7 0])
  ("15" .
   [1 0])
  ("0001" .
   [1 0 0 0])
  ("softmax" .
   [0 0 0 1 0 0 0])
  ("0" .
   [1])
  ("20" .
   [4 0])
  ("inter" .
   [6 0 0 1 2])
  ("average" .
   [0 0 0 0 1 0 0])
  ("best_offset" .
   [2 0 0 0 0 0 1 0 1 0 1])
  ("64" .
   [3 0])
  ("6" .
   [1])
  ("deal_for_svm" .
   [0 0 0 1 0 0 0 0 0 0 0 0])
  ("2e" .
   [1 0])))
